0 10000
1 10000
2 10000
3 10000
4 10000
7 10000
8 10000
11 10000
12 10000
15 10000
16 10000
19 10000
20 10000
23 10000
24 10000
27 10000
28 10000
31 10000
32 10000
35 10000
36 10000
39 10000
40 10000
43 10000
44 10000
47 10000
48 10000
51 10000
52 10000
55 10000
56 10000
59 10000
60 10000
63 10000
64 10000
67 10000
68 10000
71 10000
72 10000
75 10000
76 10000
79 10000
80 10000
83 10000
84 10000
87 10000
88 10000
91 10000
92 10000
95 10000
96 10000
99 10000
100 10000
103 10000
104 10000
107 10000
108 10000
111 10000
112 10000
115 10000
116 10000
119 10000
120 10000
123 10000
124 10000
127 10000
128 10000
131 10000
132 10000
135 10000
136 10000
139 10000
140 10000
143 10000
144 10000
147 10000
148 10000
151 10000
152 10000
155 10000
156 10000
159 10000
160 10000
163 10000
164 10000
167 10000
168 10000
171 10000
172 10000
175 10000
176 10000
179 10000
180 10000
183 10000
184 10000
187 10000
188 10000
191 10000
192 10000
195 10000
196 10000
199 10000
200 10000
203 10000
200 10000
201 10000
202 10000
203 10000
