0	0.031275113	0.1	0	1.00E+10
1	0.031275907	0.1	0	1.00E+10
2	0.031276701	0.1	0	1.00E+10
3	0.031277495	0.1	0	1.00E+10
4	0.031278289	0.1	0	1.00E+10
5	0.031279083	0.1	0	1.00E+10
6	0.031279876	0.1	0	1.00E+10
7	0.03128067	0.1	0	1.00E+10
8	0.031281464	0.1	0	1.00E+10
9	0.031282258	0.1	0	1.00E+10
10	0.031283052	0.1	0	1.00E+10
11	0.031283846	0.1	0	1.00E+10
12	0.03128464	0.1	0	1.00E+10
13	0.031285433	0.1	0	1.00E+10
14	0.031286227	0.1	0	1.00E+10
15	0.031287021	0.1	0	1.00E+10
16	0.093773738	0.1	0	1.00E+10
17	0.093774532	0.1	0	1.00E+10
18	0.093775326	0.1	0	1.00E+10
19	0.09377612	0.1	0	1.00E+10
20	0.093776914	0.1	0	1.00E+10
21	0.093777708	0.1	0	1.00E+10
22	0.093778501	0.1	0	1.00E+10
23	0.093779295	0.1	0	1.00E+10
24	0.093780089	0.1	0	1.00E+10
25	0.093780883	0.1	0	1.00E+10
26	0.093781677	0.1	0	1.00E+10
27	0.093782471	0.1	0	1.00E+10
28	0.093783265	0.1	0	1.00E+10
29	0.093784058	0.1	0	1.00E+10
30	0.093784852	0.1	0	1.00E+10
31	0.093785646	0.1	0	1.00E+10
32	0.156272363	0.1	0	1.00E+10
33	0.156273157	0.1	0	1.00E+10
34	0.156273951	0.1	0	1.00E+10
35	0.156274745	0.1	0	1.00E+10
36	0.156275539	0.1	0	1.00E+10
37	0.156276333	0.1	0	1.00E+10
38	0.156277126	0.1	0	1.00E+10
39	0.15627792	0.1	0	1.00E+10
40	0.156278714	0.1	0	1.00E+10
41	0.156279508	0.1	0	1.00E+10
42	0.156280302	0.1	0	1.00E+10
43	0.156281096	0.1	0	1.00E+10
44	0.15628189	0.1	0	1.00E+10
45	0.156282683	0.1	0	1.00E+10
46	0.156283477	0.1	0	1.00E+10
47	0.156284271	0.1	0	1.00E+10
48	0.218770988	0.1	0	1.00E+10
49	0.218771782	0.1	0	1.00E+10
50	0.218772576	0.1	0	1.00E+10
51	0.21877337	0.1	0	1.00E+10
52	0.218774164	0.1	0	1.00E+10
53	0.218774957	0.1	0	1.00E+10
54	0.218775751	0.1	0	1.00E+10
55	0.218776545	0.1	0	1.00E+10
56	0.218777339	0.1	0	1.00E+10
57	0.218778133	0.1	0	1.00E+10
58	0.218778927	0.1	0	1.00E+10
59	0.218779721	0.1	0	1.00E+10
60	0.218780515	0.1	0	1.00E+10
61	0.218781308	0.1	0	1.00E+10
62	0.218782102	0.1	0	1.00E+10
63	0.218782896	0.1	0	1.00E+10
64	0.281269613	0.1	0	1.00E+10
65	0.281270407	0.1	0	1.00E+10
66	0.281271201	0.1	0	1.00E+10
67	0.281271995	0.1	0	1.00E+10
68	0.281272789	0.1	0	1.00E+10
69	0.281273582	0.1	0	1.00E+10
70	0.281274376	0.1	0	1.00E+10
71	0.28127517	0.1	0	1.00E+10
72	0.281275964	0.1	0	1.00E+10
73	0.281276758	0.1	0	1.00E+10
74	0.281277552	0.1	0	1.00E+10
75	0.281278346	0.1	0	1.00E+10
76	0.28127914	0.1	0	1.00E+10
77	0.281279933	0.1	0	1.00E+10
78	0.281280727	0.1	0	1.00E+10
79	0.281281521	0.1	0	1.00E+10
80	0.343768238	0.1	0	1.00E+10
81	0.343769032	0.1	0	1.00E+10
82	0.343769826	0.1	0	1.00E+10
83	0.34377062	0.1	0	1.00E+10
84	0.343771414	0.1	0	1.00E+10
85	0.343772207	0.1	0	1.00E+10
86	0.343773001	0.1	0	1.00E+10
87	0.343773795	0.1	0	1.00E+10
88	0.343774589	0.1	0	1.00E+10
89	0.343775383	0.1	0	1.00E+10
90	0.343776177	0.1	0	1.00E+10
91	0.343776971	0.1	0	1.00E+10
92	0.343777765	0.1	0	1.00E+10
93	0.343778558	0.1	0	1.00E+10
94	0.343779352	0.1	0	1.00E+10
95	0.343780146	0.1	0	1.00E+10
96	0.406266863	0.1	0	1.00E+10
97	0.406267657	0.1	0	1.00E+10
98	0.406268451	0.1	0	1.00E+10
99	0.406269245	0.1	0	1.00E+10
100	0.406270039	0.1	0	1.00E+10
101	0.406270832	0.1	0	1.00E+10
102	0.406271626	0.1	0	1.00E+10
103	0.40627242	0.1	0	1.00E+10
104	0.406273214	0.1	0	1.00E+10
105	0.406274008	0.1	0	1.00E+10
106	0.406274802	0.1	0	1.00E+10
107	0.406275596	0.1	0	1.00E+10
108	0.40627639	0.1	0	1.00E+10
109	0.406277183	0.1	0	1.00E+10
110	0.406277977	0.1	0	1.00E+10
111	0.406278771	0.1	0	1.00E+10
112	0.468765488	0.1	0	1.00E+10
113	0.468766282	0.1	0	1.00E+10
114	0.468767076	0.1	0	1.00E+10
115	0.46876787	0.1	0	1.00E+10
116	0.468768664	0.1	0	1.00E+10
117	0.468769457	0.1	0	1.00E+10
118	0.468770251	0.1	0	1.00E+10
119	0.468771045	0.1	0	1.00E+10
120	0.468771839	0.1	0	1.00E+10
121	0.468772633	0.1	0	1.00E+10
122	0.468773427	0.1	0	1.00E+10
123	0.468774221	0.1	0	1.00E+10
124	0.468775014	0.1	0	1.00E+10
125	0.468775808	0.1	0	1.00E+10
126	0.468776602	0.1	0	1.00E+10
127	0.468777396	0.1	0	1.00E+10
128	0.531264113	0.1	0	1.00E+10
129	0.531264907	0.1	0	1.00E+10
130	0.531265701	0.1	0	1.00E+10
131	0.531266495	0.1	0	1.00E+10
132	0.531267289	0.1	0	1.00E+10
133	0.531268082	0.1	0	1.00E+10
134	0.531268876	0.1	0	1.00E+10
135	0.53126967	0.1	0	1.00E+10
136	0.531270464	0.1	0	1.00E+10
137	0.531271258	0.1	0	1.00E+10
138	0.531272052	0.1	0	1.00E+10
139	0.531272846	0.1	0	1.00E+10
140	0.531273639	0.1	0	1.00E+10
141	0.531274433	0.1	0	1.00E+10
142	0.531275227	0.1	0	1.00E+10
143	0.531276021	0.1	0	1.00E+10
144	0.593762738	0.1	0	1.00E+10
145	0.593763532	0.1	0	1.00E+10
146	0.593764326	0.1	0	1.00E+10
147	0.59376512	0.1	0	1.00E+10
148	0.593765913	0.1	0	1.00E+10
149	0.593766707	0.1	0	1.00E+10
150	0.593767501	0.1	0	1.00E+10
151	0.593768295	0.1	0	1.00E+10
152	0.593769089	0.1	0	1.00E+10
153	0.593769883	0.1	0	1.00E+10
154	0.593770677	0.1	0	1.00E+10
155	0.593771471	0.1	0	1.00E+10
156	0.593772264	0.1	0	1.00E+10
157	0.593773058	0.1	0	1.00E+10
158	0.593773852	0.1	0	1.00E+10
159	0.593774646	0.1	0	1.00E+10
160	0.656261363	0.1	0	1.00E+10
161	0.656262157	0.1	0	1.00E+10
162	0.656262951	0.1	0	1.00E+10
163	0.656263745	0.1	0	1.00E+10
164	0.656264538	0.1	0	1.00E+10
165	0.656265332	0.1	0	1.00E+10
166	0.656266126	0.1	0	1.00E+10
167	0.65626692	0.1	0	1.00E+10
168	0.656267714	0.1	0	1.00E+10
169	0.656268508	0.1	0	1.00E+10
170	0.656269302	0.1	0	1.00E+10
171	0.656270096	0.1	0	1.00E+10
172	0.656270889	0.1	0	1.00E+10
173	0.656271683	0.1	0	1.00E+10
174	0.656272477	0.1	0	1.00E+10
175	0.656273271	0.1	0	1.00E+10
176	0.718759988	0.1	0	1.00E+10
177	0.718760782	0.1	0	1.00E+10
178	0.718761576	0.1	0	1.00E+10
179	0.71876237	0.1	0	1.00E+10
180	0.718763163	0.1	0	1.00E+10
181	0.718763957	0.1	0	1.00E+10
182	0.718764751	0.1	0	1.00E+10
183	0.718765545	0.1	0	1.00E+10
184	0.718766339	0.1	0	1.00E+10
185	0.718767133	0.1	0	1.00E+10
186	0.718767927	0.1	0	1.00E+10
187	0.718768721	0.1	0	1.00E+10
188	0.718769514	0.1	0	1.00E+10
189	0.718770308	0.1	0	1.00E+10
190	0.718771102	0.1	0	1.00E+10
191	0.718771896	0.1	0	1.00E+10
192	0.781258613	0.1	0	1.00E+10
193	0.781259407	0.1	0	1.00E+10
194	0.781260201	0.1	0	1.00E+10
195	0.781260995	0.1	0	1.00E+10
196	0.781261788	0.1	0	1.00E+10
197	0.781262582	0.1	0	1.00E+10
198	0.781263376	0.1	0	1.00E+10
199	0.78126417	0.1	0	1.00E+10
200	0.781264964	0.1	0	1.00E+10
201	0.781265758	0.1	0	1.00E+10
202	0.781266552	0.1	0	1.00E+10
203	0.781267346	0.1	0	1.00E+10
204	0.781268139	0.1	0	1.00E+10
205	0.781268933	0.1	0	1.00E+10
206	0.781269727	0.1	0	1.00E+10
207	0.781270521	0.1	0	1.00E+10
208	0.843757238	0.1	0	1.00E+10
209	0.843758032	0.1	0	1.00E+10
210	0.843758826	0.1	0	1.00E+10
211	0.84375962	0.1	0	1.00E+10
212	0.843760413	0.1	0	1.00E+10
213	0.843761207	0.1	0	1.00E+10
214	0.843762001	0.1	0	1.00E+10
215	0.843762795	0.1	0	1.00E+10
216	0.843763589	0.1	0	1.00E+10
217	0.843764383	0.1	0	1.00E+10
218	0.843765177	0.1	0	1.00E+10
219	0.84376597	0.1	0	1.00E+10
220	0.843766764	0.1	0	1.00E+10
221	0.843767558	0.1	0	1.00E+10
222	0.843768352	0.1	0	1.00E+10
223	0.843769146	0.1	0	1.00E+10
224	0.906255863	0.1	0	1.00E+10
225	0.906256657	0.1	0	1.00E+10
226	0.906257451	0.1	0	1.00E+10
227	0.906258245	0.1	0	1.00E+10
228	0.906259038	0.1	0	1.00E+10
229	0.906259832	0.1	0	1.00E+10
230	0.906260626	0.1	0	1.00E+10
231	0.90626142	0.1	0	1.00E+10
232	0.906262214	0.1	0	1.00E+10
233	0.906263008	0.1	0	1.00E+10
234	0.906263802	0.1	0	1.00E+10
235	0.906264595	0.1	0	1.00E+10
236	0.906265389	0.1	0	1.00E+10
237	0.906266183	0.1	0	1.00E+10
238	0.906266977	0.1	0	1.00E+10
239	0.906267771	0.1	0	1.00E+10
240	0.968754488	0.1	0	1.00E+10
241	0.968755282	0.1	0	1.00E+10
242	0.968756076	0.1	0	1.00E+10
243	0.96875687	0.1	0	1.00E+10
244	0.968757663	0.1	0	1.00E+10
245	0.968758457	0.1	0	1.00E+10
246	0.968759251	0.1	0	1.00E+10
247	0.968760045	0.1	0	1.00E+10
248	0.968760839	0.1	0	1.00E+10
249	0.968761633	0.1	0	1.00E+10
250	0.968762427	0.1	0	1.00E+10
251	0.96876322	0.1	0	1.00E+10
252	0.968764014	0.1	0	1.00E+10
253	0.968764808	0.1	0	1.00E+10
254	0.968765602	0.1	0	1.00E+10
255	0.968766396	0.1	0	1.00E+10
